# faith plate baked animation curves, flat text form.
# Generated by porting/faith_plate/tools/anims_to_text.py -- do not hand-edit.
# Records: "anim <name> <fps> <frames> <looping>", "trk <bone> <r|p>",
#          "k <frame> <a> <b> <c>"  (r = pitch,yaw,roll deg; p = x,y,z units)
# Read with a plain find("%S+") tokenizer -- see the manifest for why.
anim idle 30 1 0
anim angled 30 99 0
trk faith_plate_paddle r
k 0 0 0 23.8321
k 1 0 0 47.721
k 2 0 0 71.4986
k 3 0 0 62.6766
k 4 0 0 52.5586
k 5 0 0 42.4885
k 6 0 0 33.6687
k 7 0 0 27.3932
k 8 0 0 24.9559
k 9 0 0 27.1881
k 10 0 0 33.2672
k 11 0 0 41.8557
k 12 0 0 51.7403
k 13 0 0 61.6467
k 14 0 0 70.2352
k 15 0 0 67.4575
k 16 0 0 64.2652
k 17 0 0 61.0859
k 18 0 0 58.3082
k 19 0 0 56.3422
k 20 0 0 55.5981
k 21 0 0 56.3422
k 22 0 0 58.3148
k 23 0 0 61.0859
k 24 0 0 64.2717
k 25 0 0 67.464
k 26 0 0 70.2352
k 27 0 0 69.1878
k 28 0 0 67.9812
k 29 0 0 66.7832
k 30 0 0 65.7337
k 31 0 0 64.9918
k 32 0 0 64.7125
k 33 0 0 65.1205
k 34 0 0 66.1461
k 35 0 0 67.4727
k 36 0 0 68.8038
k 37 0 0 69.8272
k 38 0 0 70.2352
k 39 0 0 70.1763
k 40 0 0 70.0257
k 41 0 0 69.8337
k 42 0 0 69.6417
k 43 0 0 69.4911
k 44 0 0 69.4322
k 45 0 0 69.5086
k 46 0 0 69.6133
k 47 0 0 69.574
k 48 0 0 69.2118
k 49 0 0 68.3456
k 50 0 0 66.8094
k 51 0 0 64.3568
k 52 0 0 61.0729
k 53 0 0 57.3089
k 54 0 0 53.355
k 55 0 0 49.5343
k 56 0 0 46.1914
k 57 0 0 43.1453
k 58 0 0 40.0446
k 59 0 0 36.9374
k 60 0 0 33.8324
k 61 0 0 30.7535
k 62 0 0 27.7532
k 63 0 0 24.8381
k 64 0 0 22.032
k 65 0 0 19.3852
k 66 0 0 16.9064
k 67 0 0 14.624
k 68 0 0 12.5816
k 69 0 0 10.716
k 70 0 0 8.9725
k 71 0 0 7.3665
k 72 0 0 5.898
k 73 0 0 4.5714
k 74 0 0 3.404
k 75 0 0 2.3937
k 76 0 0 1.5492
k 77 0 0 0.8815
k 78 0 0 0.3971
k 79 0 0 0.0982
k 80 0 0 0
k 81 0 0 0
k 82 0 0 0
k 83 0 0 0
k 84 0 0 0
k 85 0 0 0
k 86 0 0 0
k 87 0 0 0
k 88 0 0 0
k 89 0 0 0
k 90 0 0 0
k 91 0 0 0
k 92 0 0 0
k 93 0 0 0
k 94 0 0 0
k 95 0 0 0
k 96 0 0 0
k 97 0 0 0
k 98 0 0 0
trk backpiston_tip r
k 0 -0.5076 0 0
k 1 2.9207 0 0
k 2 16.5463 0 0
k 3 8.7934 0 0
k 4 4.4019 0 0
k 5 1.5809 0 0
k 6 0 0 0
k 7 -0.5314 0 0
k 8 -0.5478 0 0
k 9 -0.5374 0 0
k 10 -0.0491 0 0
k 11 1.441 0 0
k 12 4.1265 0 0
k 13 8.2367 0 0
k 14 14.7897 0 0
k 15 12.0297 0 0
k 16 9.7372 0 0
k 17 7.9419 0 0
k 18 6.6245 0 0
k 19 5.7983 0 0
k 20 5.505 0 0
k 21 5.7998 0 0
k 22 6.6274 0 0
k 23 7.9419 0 0
k 24 9.7402 0 0
k 25 12.0357 0 0
k 26 14.7897 0 0
k 27 13.6211 0 0
k 28 12.4778 0 0
k 29 11.4879 0 0
k 30 10.7138 0 0
k 31 10.2062 0 0
k 32 10.0216 0 0
k 33 10.291 0 0
k 34 11.01 0 0
k 35 12.0431 0 0
k 36 13.237 0 0
k 37 14.3103 0 0
k 38 14.7897 0 0
k 39 14.7182 0 0
k 40 14.5411 0 0
k 41 14.3178 0 0
k 42 14.1019 0 0
k 43 13.9412 0 0
k 44 13.8786 0 0
k 45 13.9575 0 0
k 46 14.0737 0 0
k 47 14.0305 0 0
k 48 13.6464 0 0
k 49 12.8053 0 0
k 50 11.5102 0 0
k 51 9.7938 0 0
k 52 7.9345 0 0
k 53 6.1957 0 0
k 54 4.6758 0 0
k 55 3.4313 0 0
k 56 2.4875 0 0
k 57 1.7328 0 0
k 58 1.0614 0 0
k 59 0.4883 0 0
k 60 0.0208 0 0
k 61 -0.3215 0 0
k 62 -0.518 0 0
k 63 -0.5448 0 0
k 64 -0.3692 0 0
k 65 0 0 0
k 66 0 0 0
k 67 0 0 0
k 68 0 0 0
k 69 0 0 0
k 70 0 0 0
k 71 0 0 0
k 72 0 0 0
k 73 0 0 0
k 74 0 0 0
k 75 0 0 0
k 76 0 0 0
k 77 0 0 0
k 78 0 0 0
k 79 0 0 0
k 80 0 0 0
k 81 0 0 0
k 82 0 0 0
k 83 0 0 0
k 84 0 0 0
k 85 0 0 0
k 86 0 0 0
k 87 0 0 0
k 88 0 0 0
k 89 0 0 0
k 90 0 0 0
k 91 0 0 0
k 92 0 0 0
k 93 0 0 0
k 94 0 0 0
k 95 0 0 0
k 96 0 0 0
k 97 0 0 0
k 98 0 0 0
trk front_piston_tip r
k 0 -1.7246 0.0357 0.0076
k 1 8.9846 -0.1188 -0.1744
k 2 38.9637 -0.2575 -1.6961
k 3 23.6719 -0.2136 -0.7752
k 4 13.0734 -0.1552 -0.3056
k 5 5.0577 -0.0783 -0.0728
k 6 0 0 0
k 7 -1.8056 0.0378 0.0076
k 8 -1.8622 0.0391 0.0076
k 9 -1.8271 0.0385 0.0076
k 10 -0.1673 0.0027 0.0007
k 11 4.6259 -0.0728 -0.0639
k 12 12.3393 -0.1497 -0.2795
k 13 22.425 -0.2074 -0.7121
k 14 35.7629 -0.2506 -1.4839
k 15 30.4569 -0.2369 -1.1536
k 16 25.723 -0.2211 -0.8837
k 17 21.7557 -0.2053 -0.6791
k 18 18.6762 -0.1902 -0.5335
k 19 16.6548 -0.1785 -0.4456
k 20 15.9234 -0.1744 -0.4154
k 21 16.6575 -0.1785 -0.4456
k 22 18.6843 -0.1902 -0.5342
k 23 21.7557 -0.2053 -0.6791
k 24 25.7311 -0.2211 -0.8844
k 25 30.4704 -0.2369 -1.1543
k 26 35.7629 -0.2506 -1.4839
k 27 33.5633 -0.2451 -1.3438
k 28 31.3475 -0.2396 -1.2072
k 29 29.3692 -0.2335 -1.0897
k 30 27.7796 -0.2287 -0.9977
k 31 26.7189 -0.2245 -0.9387
k 32 26.3303 -0.2232 -0.9174
k 33 26.8997 -0.2252 -0.9483
k 34 28.3922 -0.2307 -1.0327
k 35 30.4838 -0.2369 -1.155
k 36 32.8265 -0.2431 -1.2978
k 37 34.8695 -0.2486 -1.4262
k 38 35.7629 -0.2506 -1.4839
k 39 35.6306 -0.2499 -1.4756
k 40 35.3013 -0.2493 -1.4544
k 41 34.8857 -0.2486 -1.4276
k 42 34.4782 -0.2472 -1.4015
k 43 34.1732 -0.2465 -1.3823
k 44 34.0545 -0.2465 -1.3747
k 45 34.2056 -0.2472 -1.3843
k 46 34.4215 -0.2472 -1.3981
k 47 34.3405 -0.2472 -1.3926
k 48 33.6118 -0.2451 -1.3466
k 49 31.9898 -0.241 -1.2463
k 50 29.4124 -0.2335 -1.0918
k 51 25.8472 -0.2218 -0.8906
k 52 21.7422 -0.2053 -0.6777
k 53 17.6345 -0.1847 -0.4875
k 54 13.794 -0.1607 -0.3317
k 55 10.442 -0.1346 -0.2156
k 56 7.7593 -0.1092 -0.1373
k 57 5.5138 -0.0838 -0.0824
k 58 3.4411 -0.057 -0.0426
k 59 1.6085 -0.0282 -0.0158
k 60 0.0702 -0.0014 0
k 61 -1.0849 0.022 0.0055
k 62 -1.7624 0.0364 0.0076
k 63 -1.8541 0.0385 0.0076
k 64 -1.2496 0.0254 0.0062
k 65 0 0 0
k 66 0 0 0
k 67 0 0 0
k 68 0 0 0
k 69 0 0 0
k 70 0 0 0
k 71 0 0 0
k 72 0 0 0
k 73 0 0 0
k 74 0 0 0
k 75 0 0 0
k 76 0 0 0
k 77 0 0 0
k 78 0 0 0
k 79 0 0 0
k 80 0 0 0
k 81 0 0 0
k 82 0 0 0
k 83 0 0 0
k 84 0 0 0
k 85 0 0 0
k 86 0 0 0
k 87 0 0 0
k 88 0 0 0
k 89 0 0 0
k 90 0 0 0
k 91 0 0 0
k 92 0 0 0
k 93 0 0 0
k 94 0 0 0
k 95 0 0 0
k 96 0 0 0
k 97 0 0 0
k 98 0 0 0
trk pendulum_02_export p
k 0 2.7345 11.8715 0
k 1 6.4182 21.5983 0
k 2 7.7112 37.6652 0
k 3 7.7229 29.161 0
k 4 6.9143 23.696 0
k 5 5.8205 19.4654 0
k 6 4.6173 16.0356 0
k 7 3.5157 13.477 0
k 8 2.9962 12.3949 0
k 9 3.4767 13.3871 0
k 10 4.5548 15.8794 0
k 11 5.7424 19.2193 0
k 12 6.8322 23.3249 0
k 13 7.6604 28.5048 0
k 14 7.844 35.8214 0
k 15 7.9065 32.8369 0
k 16 7.8088 30.2548 0
k 17 7.6252 28.1532 0
k 18 7.4182 26.5555 0
k 19 7.258 25.5203 0
k 20 7.1916 25.1492 0
k 21 7.258 25.5242 0
k 22 7.4182 26.5594 0
k 23 7.6252 28.1532 0
k 24 7.8088 30.2587 0
k 25 7.9065 32.8408 0
k 26 7.844 35.8214 0
k 27 7.8948 34.5714 0
k 28 7.9104 33.3291 0
k 29 7.8948 32.2354 0
k 30 7.8674 31.3642 0
k 31 7.8401 30.79 0
k 32 7.8284 30.5791 0
k 33 7.844 30.8877 0
k 34 7.8791 31.7002 0
k 35 7.9065 32.8487 0
k 36 7.9026 34.1573 0
k 37 7.8674 35.3136 0
k 38 7.844 35.8214 0
k 39 7.8479 35.7472 0
k 40 7.8557 35.5597 0
k 41 7.8674 35.3214 0
k 42 7.8752 35.0909 0
k 43 7.8831 34.919 0
k 44 7.8831 34.8487 0
k 45 7.8831 34.9347 0
k 46 7.8791 35.0597 0
k 47 7.8791 35.0128 0
k 48 7.8909 34.6026 0
k 49 7.9065 33.6885 0
k 50 7.8987 32.2588 0
k 51 7.8127 30.3212 0
k 52 7.6213 28.1454 0
k 53 7.3401 26.0203 0
k 54 6.9885 24.0671 0
k 55 6.6096 22.3522 0
k 56 6.2502 20.9499 0
k 57 5.8986 19.7272 0
k 58 5.5158 18.5123 0
k 59 5.0978 17.3091 0
k 60 4.6408 16.1021 0
k 61 4.1408 14.8755 0
k 62 3.59 13.6332 0
k 63 2.9688 12.3402 0
k 64 2.2696 10.9886 0
k 65 1.504 9.5823 0
k 66 1.1328 8.3948 0
k 67 0.836 7.2854 0
k 68 0.6055 6.2853 0
k 69 0.4297 5.3634 0
k 70 0.2891 4.4962 0
k 71 0.1875 3.6954 0
k 72 0.1094 2.961 0
k 73 0.0586 2.2969 0
k 74 0.0273 1.711 0
k 75 0.0078 1.2032 0
k 76 0 0.7774 0
k 77 0 0.4414 0
k 78 0 0.1992 0
k 79 0 0.0469 0
k 80 0 0 0
k 81 0 0 0
k 82 0 0 0
k 83 0 0 0
k 84 0 0 0
k 85 0 0 0
k 86 0 0 0
k 87 0 0 0
k 88 0 0 0
k 89 0 0 0
k 90 0 0 0
k 91 0 0 0
k 92 0 0 0
k 93 0 0 0
k 94 0 0 0
k 95 0 0 0
k 96 0 0 0
k 97 0 0 0
k 98 0 0 0
trk pendulum_02_export r
k 0 0 -22.7699 0
k 1 0 -53.8166 0
k 2 0 -106.1496 0
k 3 0 -81.0472 0
k 4 0 -61.7435 0
k 5 0 -45.7861 0
k 6 0 -33.6674 0
k 7 0 -26.2847 0
k 8 0 -23.8098 0
k 9 0 -26.0644 0
k 10 0 -33.162 0
k 11 0 -44.8628 0
k 12 0 -60.3538 0
k 13 0 -78.8477 0
k 14 0 -101.1835 0
k 15 0 -92.6055 0
k 16 0 -84.6074 0
k 17 0 -77.6718 0
k 18 0 -72.1388 0
k 19 0 -68.4459 0
k 20 0 -67.0886 0
k 21 0 -68.4491 0
k 22 0 -72.1518 0
k 23 0 -77.6718 0
k 24 0 -84.6236 0
k 25 0 -92.6282 0
k 26 0 -101.1835 0
k 27 0 -97.6785 0
k 28 0 -94.073 0
k 29 0 -90.7979 0
k 30 0 -88.1254 0
k 31 0 -86.3178 0
k 32 0 -85.6537 0
k 33 0 -86.6255 0
k 34 0 -89.1588 0
k 35 0 -92.6509 0
k 36 0 -96.4896 0
k 37 0 -99.7711 0
k 38 0 -101.1835 0
k 39 0 -100.973 0
k 40 0 -100.4547 0
k 41 0 -99.7938 0
k 42 0 -99.1459 0
k 43 0 -98.6568 0
k 44 0 -98.4657 0
k 45 0 -98.7086 0
k 46 0 -99.0552 0
k 47 0 -98.9257 0
k 48 0 -97.7595 0
k 49 0 -95.1258 0
k 50 0 -90.8692 0
k 51 0 -84.8212 0
k 52 0 -77.6426 0
k 53 0 -70.2405 0
k 54 0 -63.1138 0
k 55 0 -56.6932 0
k 56 0 -51.3806 0
k 57 0 -46.7579 0
k 58 0 -42.2583 0
k 59 0 -37.9564 0
k 60 0 -33.8779 0
k 61 0 -30.0846 0
k 62 0 -26.6702 0
k 63 0 -23.6997 0
k 64 0 -21.2604 0
k 65 0 -19.3847 0
k 66 0 -16.9066 0
k 67 0 -14.6228 0
k 68 0 -12.5819 0
k 69 0 -10.716 0
k 70 0 -8.97 0
k 71 0 -7.3665 0
k 72 0 -5.8958 0
k 73 0 -4.5708 0
k 74 0 -3.4014 0
k 75 0 -2.3907 0
k 76 0 -1.5484 0
k 77 0 -0.8811 0
k 78 0 -0.3952 0
k 79 0 -0.0972 0
k 80 0 0 0
k 81 0 0 0
k 82 0 0 0
k 83 0 0 0
k 84 0 0 0
k 85 0 0 0
k 86 0 0 0
k 87 0 0 0
k 88 0 0 0
k 89 0 0 0
k 90 0 0 0
k 91 0 0 0
k 92 0 0 0
k 93 0 0 0
k 94 0 0 0
k 95 0 0 0
k 96 0 0 0
k 97 0 0 0
k 98 0 0 0
trk pendulum_lock_rotate r
k 0 0 -8.8397 0
k 1 0 -18.2995 0
k 2 0 -27.4163 0
k 3 0 -35.3603 0
k 4 0 -41.2193 0
k 5 0 -45.2309 0
k 6 0 -48.3517 0
k 7 0 -50.6792 0
k 8 0 -52.3056 0
k 9 0 -53.3431 0
k 10 0 -53.8907 0
k 11 0 -54.0507 0
k 12 0 -54.0507 0
k 13 0 -54.0507 0
k 14 0 -54.0507 0
k 15 0 -54.0507 0
k 16 0 -54.0507 0
k 17 0 -54.0507 0
k 18 0 -54.0507 0
k 19 0 -54.0507 0
k 20 0 -54.0507 0
k 21 0 -54.0507 0
k 22 0 -54.0507 0
k 23 0 -54.0507 0
k 24 0 -54.0507 0
k 25 0 -54.0507 0
k 26 0 -54.0507 0
k 27 0 -54.0507 0
k 28 0 -54.0507 0
k 29 0 -54.0507 0
k 30 0 -54.0507 0
k 31 0 -54.0507 0
k 32 0 -54.0507 0
k 33 0 -54.0507 0
k 34 0 -54.0507 0
k 35 0 -54.0507 0
k 36 0 -54.0507 0
k 37 0 -54.0507 0
k 38 0 -54.0507 0
k 39 0 -54.0507 0
k 40 0 -54.0507 0
k 41 0 -54.0507 0
k 42 0 -54.0507 0
k 43 0 -54.0507 0
k 44 0 -54.0507 0
k 45 0 -54.0507 0
k 46 0 -54.0507 0
k 47 0 -54.0507 0
k 48 0 -54.0507 0
k 49 0 -54.0507 0
k 50 0 -54.0507 0
k 51 0 -54.0507 0
k 52 0 -54.0507 0
k 53 0 -54.0507 0
k 54 0 -54.0507 0
k 55 0 -54.0507 0
k 56 0 -54.0507 0
k 57 0 -54.0507 0
k 58 0 -54.0507 0
k 59 0 -54.0507 0
k 60 0 -54.0507 0
k 61 0 -54.0507 0
k 62 0 -54.0507 0
k 63 0 -54.0507 0
k 64 0 -54.0507 0
k 65 0 -54.0507 0
k 66 0 -54.0507 0
k 67 0 -54.0507 0
k 68 0 -54.0507 0
k 69 0 -54.0507 0
k 70 0 -54.0458 0
k 71 0 -52.0054 0
k 72 0 -46.6313 0
k 73 0 -39.0453 0
k 74 0 -30.4481 0
k 75 0 -21.9169 0
k 76 0 -14.5997 0
k 77 0 -9.6727 0
k 78 0 -6.6706 0
k 79 0 -4.3596 0
k 80 0 -2.6606 0
k 81 0 -1.4681 0
k 82 0 -0.6944 0
k 83 0 -0.254 0
k 84 0 -0.0528 0
k 85 0 0.0016 0
k 86 0 0 0
k 87 0 0 0
k 88 0 0 0
k 89 0 0 0
k 90 0 0 0
k 91 0 0 0
k 92 0 0 0
k 93 0 0 0
k 94 0 0 0
k 95 0 0 0
k 96 0 0 0
k 97 0 0 0
k 98 0 0 0
trk clip r
k 0 0 -18.5448 0
k 1 0 -18.5448 0
k 2 0 -18.5448 0
k 3 0 -18.5448 0
k 4 0 -18.5448 0
k 5 0 -18.5448 0
k 6 0 -18.5448 0
k 7 0 -18.5448 0
k 8 0 -18.5448 0
k 9 0 -18.5448 0
k 10 0 -18.5448 0
k 11 0 -18.5448 0
k 12 0 -18.5448 0
k 13 0 -18.5448 0
k 14 0 -18.5448 0
k 15 0 -18.5448 0
k 16 0 -18.5448 0
k 17 0 -18.5448 0
k 18 0 -18.5448 0
k 19 0 -18.5448 0
k 20 0 -18.5448 0
k 21 0 -18.5448 0
k 22 0 -18.5448 0
k 23 0 -18.5448 0
k 24 0 -18.5448 0
k 25 0 -18.5448 0
k 26 0 -18.5448 0
k 27 0 -18.5448 0
k 28 0 -18.5448 0
k 29 0 -18.5448 0
k 30 0 -18.5448 0
k 31 0 -18.5448 0
k 32 0 -18.5448 0
k 33 0 -18.5448 0
k 34 0 -18.5448 0
k 35 0 -18.5448 0
k 36 0 -18.5448 0
k 37 0 -18.5448 0
k 38 0 -18.5448 0
k 39 0 -18.5448 0
k 40 0 -18.5448 0
k 41 0 -18.5448 0
k 42 0 -18.5448 0
k 43 0 -18.5448 0
k 44 0 -18.5448 0
k 45 0 -18.5448 0
k 46 0 -18.5448 0
k 47 0 -18.5448 0
k 48 0 -18.5448 0
k 49 0 -18.5448 0
k 50 0 -18.5448 0
k 51 0 -18.5448 0
k 52 0 -18.5448 0
k 53 0 -18.5448 0
k 54 0 -18.5448 0
k 55 0 -18.5448 0
k 56 0 -18.5448 0
k 57 0 -18.5448 0
k 58 0 -18.5448 0
k 59 0 -18.5448 0
k 60 0 -18.5448 0
k 61 0 -18.5448 0
k 62 0 -18.5448 0
k 63 0 -18.5448 0
k 64 0 -18.5448 0
k 65 0 -18.5448 0
k 66 0 -18.5448 0
k 67 0 -18.5448 0
k 68 0 -18.5448 0
k 69 0 -18.5448 0
k 70 0 -18.5448 0
k 71 0 -18.5448 0
k 72 0 -18.5448 0
k 73 0 -18.5448 0
k 74 0 -18.5448 0
k 75 0 -18.5448 0
k 76 0 -18.5448 0
k 77 0 -18.5448 0
k 78 0 -18.5448 0
k 79 0 -18.5448 0
k 80 0 -18.5448 0
k 81 0 -18.5448 0
k 82 0 -18.5345 0
k 83 0 -14.2442 0
k 84 0 -8.5366 0
k 85 0 -4.9049 0
k 86 0 -3.6153 0
k 87 0 -2.5716 0
k 88 0 -1.7496 0
k 89 0 -1.1261 0
k 90 0 -0.6709 0
k 91 0 -0.3578 0
k 92 0 -0.1614 0
k 93 0 -0.0536 0
k 94 0 -0.0089 0
k 95 0 0 0
k 96 0 0 0
k 97 0 0 0
k 98 0 0 0
trk backpiston_base r
k 0 0 -0.5515 -0.0989
k 1 0.0007 3.1726 0.5878
k 2 0 18.1024 3.695
k 3 0 9.5738 1.8561
k 4 0 4.7834 0.8968
k 5 0 1.7159 0.3145
k 6 0 0 0
k 7 0 -0.576 -0.1037
k 8 0 -0.5935 -0.1064
k 9 0 -0.583 -0.1044
k 10 0 -0.0525 -0.0096
k 11 0 1.5635 0.2857
k 12 0 4.484 0.8384
k 13 0 8.9645 1.7311
k 14 0 16.1589 3.2624
k 15 0 13.1194 2.6018
k 16 0 10.6051 2.0696
k 17 0 8.6424 1.6652
k 18 0 7.2049 1.374
k 19 0 6.3032 1.1948
k 20 0 5.9845 1.1316
k 21 0 6.3049 1.1948
k 22 0 7.2084 1.3747
k 23 0 8.6424 1.6652
k 24 0 10.6103 2.071
k 25 0 13.1264 2.6032
k 26 0 16.1589 3.2624
k 27 0 14.8702 2.9801
k 28 0 13.6131 2.7075
k 29 0 12.5258 2.4747
k 30 0 11.6749 2.2942
k 31 0 11.1199 2.1774
k 32 0 10.9185 2.1355
k 33 0 11.2127 2.1973
k 34 0 12.0005 2.3635
k 35 0 13.1351 2.6052
k 36 0 14.4483 2.8881
k 37 0 15.6319 3.1463
k 38 0 16.1589 3.2624
k 39 0 16.0801 3.2452
k 40 0 15.884 3.2019
k 41 0 15.6406 3.1484
k 42 0 15.4008 3.0962
k 43 0 15.2239 3.057
k 44 0 15.1539 3.0419
k 45 0 15.2414 3.0612
k 46 0 15.3692 3.0886
k 47 0 15.322 3.0783
k 48 0 14.8983 2.9863
k 49 0 13.9738 2.7851
k 50 0 12.5503 2.4796
k 51 0 10.6681 2.0833
k 52 0 8.6354 1.6631
k 53 0 6.7356 1.2806
k 54 0 5.0811 0.9545
k 55 0 3.7259 0.6928
k 56 0 2.7016 0.4985
k 57 0 1.8804 0.3447
k 58 0 1.1503 0.2094
k 59 0 0.5288 0.0961
k 60 0 0.0228 0.0041
k 61 0 -0.3467 -0.0625
k 62 0 -0.562 -0.1009
k 63 0 -0.5918 -0.1064
k 64 0 -0.401 -0.0721
k 65 0 0 0
k 66 0 0 0
k 67 0 0 0
k 68 0 0 0
k 69 0 0 0
k 70 0 0 0
k 71 0 0 0
k 72 0 0 0
k 73 0 0 0
k 74 0 0 0
k 75 0 0 0
k 76 0 0 0
k 77 0 0 0
k 78 0 0 0
k 79 0 0 0
k 80 0 0 0
k 81 0 0 0
k 82 0 0 0
k 83 0 0 0
k 84 0 0 0
k 85 0 0 0
k 86 0 0 0
k 87 0 0 0
k 88 0 0 0
k 89 0 0 0
k 90 0 0 0
k 91 0 0 0
k 92 0 0 0
k 93 0 0 0
k 94 0 0 0
k 95 0 0 0
k 96 0 0 0
k 97 0 0 0
k 98 0 0 0
trk front_piston_base r
k 0 -0.0027 0.6661 0
k 1 0.0137 -2.8922 0
k 2 0.0542 -4.3136 0
k 3 0.0357 -5.3038 0
k 4 0.0206 -3.8865 0
k 5 0.0076 -1.7579 0
k 6 0 0 0
k 7 -0.0027 0.6977 0
k 8 -0.0027 0.7203 0
k 9 -0.0027 0.7066 0
k 10 0 0.0632 0
k 11 0.0069 -1.6198 0
k 12 0.0192 -3.7293 0
k 13 0.0336 -5.2221 0
k 14 0.0508 -4.8156 0
k 15 0.0446 -5.3079 0
k 16 0.0385 -5.38 0
k 17 0.033 -5.1733 0
k 18 0.0288 -4.8458 0
k 19 0.0254 -4.5533 0
k 20 0.0247 -4.4324 0
k 21 0.0254 -4.554 0
k 22 0.0288 -4.8465 0
k 23 0.033 -5.1733 0
k 24 0.0385 -5.3807 0
k 25 0.0446 -5.3066 0
k 26 0.0508 -4.8156 0
k 27 0.0481 -5.0717 0
k 28 0.0453 -5.2557 0
k 29 0.0433 -5.3553 0
k 30 0.0412 -5.3924 0
k 31 0.0398 -5.3945 0
k 32 0.0391 -5.391 0
k 33 0.0398 -5.3951 0
k 34 0.0419 -5.3821 0
k 35 0.0446 -5.3066 0
k 36 0.0474 -5.1411 0
k 37 0.0494 -4.9282 0
k 38 0.0508 -4.8156 0
k 39 0.0508 -4.8328 0
k 40 0.0501 -4.8753 0
k 41 0.0494 -4.9261 0
k 42 0.0494 -4.9742 0
k 43 0.0488 -5.0079 0
k 44 0.0488 -5.0209 0
k 45 0.0488 -5.0044 0
k 46 0.0494 -4.9804 0
k 47 0.0494 -4.9893 0
k 48 0.0481 -5.0669 0
k 49 0.0467 -5.2097 0
k 50 0.0433 -5.3539 0
k 51 0.0385 -5.3835 0
k 52 0.033 -5.172 0
k 53 0.0268 -4.7023 0
k 54 0.0213 -4.0369 0
k 55 0.0165 -3.283 0
k 56 0.0117 -2.5695 0
k 57 0.0082 -1.9021 0
k 58 0.0055 -1.2291 0
k 59 0.0021 -0.5919 0
k 60 0 -0.0268 0
k 61 -0.0014 0.4154 0
k 62 -0.0027 0.6805 0
k 63 -0.0027 0.7169 0
k 64 -0.0014 0.4786 0
k 65 0 0 0
k 66 0 0 0
k 67 0 0 0
k 68 0 0 0
k 69 0 0 0
k 70 0 0 0
k 71 0 0 0
k 72 0 0 0
k 73 0 0 0
k 74 0 0 0
k 75 0 0 0
k 76 0 0 0
k 77 0 0 0
k 78 0 0 0
k 79 0 0 0
k 80 0 0 0
k 81 0 0 0
k 82 0 0 0
k 83 0 0 0
k 84 0 0 0
k 85 0 0 0
k 86 0 0 0
k 87 0 0 0
k 88 0 0 0
k 89 0 0 0
k 90 0 0 0
k 91 0 0 0
k 92 0 0 0
k 93 0 0 0
k 94 0 0 0
k 95 0 0 0
k 96 0 0 0
k 97 0 0 0
k 98 0 0 0
trk pendulum_02_aim r
k 0 0 36.05 0
k 1 0 79.7827 0
k 2 0 151.8318 0
k 3 0 116.3656 0
k 4 0 90.3336 0
k 5 0 69.0557 0
k 6 0 52.5135 0
k 7 0 41.7355 0
k 8 0 37.8062 0
k 9 0 41.4019 0
k 10 0 51.8045 0
k 11 0 67.8185 0
k 12 0 88.4801 0
k 13 0 113.363 0
k 14 0 144.6171 0
k 15 0 132.4027 0
k 16 0 121.2587 0
k 17 0 111.7551 0
k 18 0 104.2624 0
k 19 0 99.2951 0
k 20 0 97.4787 0
k 21 0 99.2997 0
k 22 0 104.2809 0
k 23 0 111.7551 0
k 24 0 121.2819 0
k 25 0 132.4305 0
k 26 0 144.6171 0
k 27 0 139.5896 0
k 28 0 134.474 0
k 29 0 129.8635 0
k 30 0 126.1287 0
k 31 0 123.6266 0
k 32 0 122.6998 0
k 33 0 124.0529 0
k 34 0 127.5698 0
k 35 0 132.4676 0
k 36 0 137.8983 0
k 37 0 142.5829 0
k 38 0 144.6171 0
k 39 0 144.3159 0
k 40 0 143.5653 0
k 41 0 142.6154 0
k 42 0 141.6886 0
k 43 0 140.9889 0
k 44 0 140.7156 0
k 45 0 141.0631 0
k 46 0 141.5589 0
k 47 0 141.3735 0
k 48 0 139.7008 0
k 49 0 135.9568 0
k 50 0 129.9654 0
k 51 0 121.5507 0
k 52 0 111.718 0
k 53 0 101.7046 0
k 54 0 92.1592 0
k 55 0 83.6055 0
k 56 0 76.5345 0
k 57 0 70.3578 0
k 58 0 64.3062 0
k 59 0 58.4585 0
k 60 0 52.8054 0
k 61 0 47.4025 0
k 62 0 42.3333 0
k 63 0 37.6208 0
k 64 0 33.3254 0
k 65 0 29.5073 0
k 66 0 25.5594 0
k 67 0 21.9544 0
k 68 0 18.7618 0
k 69 0 15.8796 0
k 70 0 13.2153 0
k 71 0 10.7872 0
k 72 0 8.5862 0
k 73 0 6.6215 0
k 74 0 4.9071 0
k 75 0 3.4336 0
k 76 0 2.2149 0
k 77 0 1.2604 0
k 78 0 0.5653 0
k 79 0 0.139 0
k 80 0 0 0
k 81 0 0 0
k 82 0 0 0
k 83 0 0 0
k 84 0 0 0
k 85 0 0 0
k 86 0 0 0
k 87 0 0 0
k 88 0 0 0
k 89 0 0 0
k 90 0 0 0
k 91 0 0 0
k 92 0 0 0
k 93 0 0 0
k 94 0 0 0
k 95 0 0 0
k 96 0 0 0
k 97 0 0 0
k 98 0 0 0
trk pendulum_01_aim r
k 0 2.508 -179.9945 180
k 1 15.1926 -179.9945 180
k 2 34.9099 -179.9945 -180
k 3 24.5447 -179.9945 -180
k 4 17.8188 -179.9945 -180
k 5 12.4982 -179.9945 -180
k 6 8.0736 -179.9945 -180
k 7 4.6824 -179.9945 180
k 8 3.2228 -179.9945 -180
k 9 4.5642 -179.9945 180
k 10 7.8669 -179.9945 180
k 11 12.1818 -179.9945 -180
k 12 17.3543 -179.9945 -180
k 13 23.7414 -179.9945 -180
k 14 32.6619 -179.9945 -180
k 15 29.0236 -179.9945 -180
k 16 25.8786 -179.9945 -180
k 17 23.3131 -179.9945 -180
k 18 21.3527 -179.9945 -180
k 19 20.0785 -179.9945 -180
k 20 19.6161 -179.9945 -180
k 21 20.0796 -179.9945 180
k 22 21.3581 -179.9945 -180
k 23 23.3131 -179.9945 -180
k 24 25.8849 -179.9945 -180
k 25 29.0321 -179.9945 -180
k 26 32.6619 -179.9945 -180
k 27 31.1384 -179.9945 -180
k 28 29.6256 -179.9945 -180
k 29 28.2938 -179.9945 180
k 30 27.2348 -179.9945 180
k 31 26.5338 -179.9945 -180
k 32 26.2781 -179.9945 -180
k 33 26.652 -179.9945 -180
k 34 27.6407 -179.9945 -180
k 35 29.0417 -179.9945 -180
k 36 30.6334 -179.9945 -180
k 37 32.0408 -179.9945 -180
k 38 32.6619 -179.9945 -180
k 39 32.5682 -179.9945 -180
k 40 32.3391 -179.9945 -180
k 41 32.0504 -179.9945 180
k 42 31.7691 -179.9945 -180
k 43 31.5593 -179.9945 180
k 44 31.4762 -179.9945 -180
k 45 31.5806 -179.9945 -180
k 46 31.7308 -179.9945 -180
k 47 31.6743 -179.9945 -180
k 48 31.1725 -179.9945 -180
k 49 30.0613 -179.9945 -180
k 50 28.3226 -179.9945 -180
k 51 25.9595 -179.9945 -180
k 52 23.3035 -179.9945 -180
k 53 20.6954 -179.9945 -180
k 54 18.2759 -179.9945 -180
k 55 16.1408 -179.9945 -180
k 56 14.3786 -179.9945 180
k 57 12.8285 -179.9945 -180
k 58 11.2783 -179.9945 180
k 59 9.7292 -179.9945 180
k 60 8.1578 -179.9945 180
k 61 6.5479 -179.9945 179.9945
k 62 4.8902 -179.9945 180
k 63 3.1483 -179.9945 180
k 64 1.2934 -180 180
k 65 -0.651 -179.9945 180
k 66 -2.1201 -179.9945 180
k 67 -3.4402 -179.9945 180
k 68 -4.5887 -179.9945 179.9945
k 69 -5.1651 0 0
k 70 -4.2424 0 0
k 71 -3.4189 0 0
k 72 -2.6891 0 0
k 73 -2.0498 0 0
k 74 -1.5033 0 0
k 75 -1.043 0 0
k 76 -0.6669 0 0
k 77 -0.3772 0 0
k 78 -0.1683 0 0
k 79 -0.0416 0 0
k 80 0 0 0
k 81 0 0 0
k 82 0 0 0
k 83 0 0 0
k 84 0 0 0
k 85 0 0 0
k 86 0 0 0
k 87 0 0 0
k 88 0 0 0
k 89 0 0 0
k 90 0 0 0
k 91 0 0 0
k 92 0 0 0
k 93 0 0 0
k 94 0 0 0
k 95 0 0 0
k 96 0 0 0
k 97 0 0 0
k 98 0 0 0
anim straightup 30 99 0
trk faith_plate_paddle r
k 0 0 0 23.8321
k 1 0 0 47.721
k 2 0 0 71.4986
k 3 0 0 62.6766
k 4 0 0 52.5586
k 5 0 0 42.4885
k 6 0 0 33.6687
k 7 0 0 27.3932
k 8 0 0 24.9559
k 9 0 0 27.1881
k 10 0 0 33.2672
k 11 0 0 41.8557
k 12 0 0 51.7403
k 13 0 0 61.6467
k 14 0 0 70.2352
k 15 0 0 67.4575
k 16 0 0 64.2652
k 17 0 0 61.0859
k 18 0 0 58.3082
k 19 0 0 56.3422
k 20 0 0 55.5981
k 21 0 0 56.3422
k 22 0 0 58.3148
k 23 0 0 61.0859
k 24 0 0 64.2717
k 25 0 0 67.464
k 26 0 0 70.2352
k 27 0 0 69.1878
k 28 0 0 67.9812
k 29 0 0 66.7832
k 30 0 0 65.7337
k 31 0 0 64.9918
k 32 0 0 64.7125
k 33 0 0 65.1205
k 34 0 0 66.1461
k 35 0 0 67.4727
k 36 0 0 68.8038
k 37 0 0 69.8272
k 38 0 0 70.2352
k 39 0 0 70.1763
k 40 0 0 70.0257
k 41 0 0 69.8337
k 42 0 0 69.6417
k 43 0 0 69.4911
k 44 0 0 69.4322
k 45 0 0 69.5086
k 46 0 0 69.6133
k 47 0 0 69.574
k 48 0 0 69.2118
k 49 0 0 68.3456
k 50 0 0 66.8094
k 51 0 0 64.3568
k 52 0 0 61.0729
k 53 0 0 57.3089
k 54 0 0 53.355
k 55 0 0 49.5343
k 56 0 0 46.1914
k 57 0 0 43.1453
k 58 0 0 40.0446
k 59 0 0 36.9374
k 60 0 0 33.8324
k 61 0 0 30.7535
k 62 0 0 27.7532
k 63 0 0 24.8381
k 64 0 0 22.032
k 65 0 0 19.3852
k 66 0 0 16.9064
k 67 0 0 14.624
k 68 0 0 12.5816
k 69 0 0 10.716
k 70 0 0 8.9725
k 71 0 0 7.3665
k 72 0 0 5.898
k 73 0 0 4.5714
k 74 0 0 3.404
k 75 0 0 2.3937
k 76 0 0 1.5492
k 77 0 0 0.8815
k 78 0 0 0.3971
k 79 0 0 0.0982
k 80 0 0 0
k 81 0 0 0
k 82 0 0 0
k 83 0 0 0
k 84 0 0 0
k 85 0 0 0
k 86 0 0 0
k 87 0 0 0
k 88 0 0 0
k 89 0 0 0
k 90 0 0 0
k 91 0 0 0
k 92 0 0 0
k 93 0 0 0
k 94 0 0 0
k 95 0 0 0
k 96 0 0 0
k 97 0 0 0
k 98 0 0 0
trk faith_pate_paddle_alter_direction r
k 0 23.8321 0 0
k 1 47.721 0 0
k 2 71.4986 0 0
k 3 62.6766 0 0
k 4 52.5586 0 0
k 5 42.4885 0 0
k 6 33.6687 0 0
k 7 27.3932 0 0
k 8 24.9559 0 0
k 9 27.1881 0 0
k 10 33.2672 0 0
k 11 41.8557 0 0
k 12 51.7403 0 0
k 13 61.6467 0 0
k 14 70.2352 0 0
k 15 67.4575 0 0
k 16 64.2652 0 0
k 17 61.0859 0 0
k 18 58.3082 0 0
k 19 56.3422 0 0
k 20 55.5981 0 0
k 21 56.3422 0 0
k 22 58.3148 0 0
k 23 61.0859 0 0
k 24 64.2717 0 0
k 25 67.464 0 0
k 26 70.2352 0 0
k 27 69.1878 0 0
k 28 67.9812 0 0
k 29 66.7832 0 0
k 30 65.7337 0 0
k 31 64.9918 0 0
k 32 64.7125 0 0
k 33 65.1205 0 0
k 34 66.1461 0 0
k 35 67.4727 0 0
k 36 68.8038 0 0
k 37 69.8272 0 0
k 38 70.2352 0 0
k 39 70.1763 0 0
k 40 70.0257 0 0
k 41 69.8337 0 0
k 42 69.6417 0 0
k 43 69.4911 0 0
k 44 69.4322 0 0
k 45 69.5086 0 0
k 46 69.6133 0 0
k 47 69.574 0 0
k 48 69.2118 0 0
k 49 68.3456 0 0
k 50 66.8094 0 0
k 51 64.3568 0 0
k 52 61.0728 0 0
k 53 57.3088 0 0
k 54 53.355 0 0
k 55 49.5343 0 0
k 56 46.1914 0 0
k 57 43.1453 0 0
k 58 40.0446 0 0
k 59 36.9374 0 0
k 60 33.8324 0 0
k 61 30.7557 0 0
k 62 27.7532 0 0
k 63 24.8381 0 0
k 64 22.032 0 0
k 65 19.3852 0 0
k 66 16.9064 0 0
k 67 14.624 0 0
k 68 12.5816 0 0
k 69 10.716 0 0
k 70 8.9725 0 0
k 71 7.3665 0 0
k 72 5.898 0 0
k 73 4.5714 0 0
k 74 3.404 0 0
k 75 2.3937 0 0
k 76 1.5492 0 0
k 77 0.8815 0 0
k 78 0.3971 0 0
k 79 0.0982 0 0
k 80 0 0 0
k 81 0 0 0
k 82 0 0 0
k 83 0 0 0
k 84 0 0 0
k 85 0 0 0
k 86 0 0 0
k 87 0 0 0
k 88 0 0 0
k 89 0 0 0
k 90 0 0 0
k 91 0 0 0
k 92 0 0 0
k 93 0 0 0
k 94 0 0 0
k 95 0 0 0
k 96 0 0 0
k 97 0 0 0
k 98 0 0 0
trk backpiston_tip r
k 0 10.8954 0 0
k 1 25.5809 0 0
k 2 48.7784 0 0
k 3 38.0959 0 0
k 4 29.2787 0 0
k 5 21.8131 0 0
k 6 16.0803 0 0
k 7 12.5701 0 0
k 8 11.3911 0 0
k 9 12.4659 0 0
k 10 15.8407 0 0
k 11 21.3784 0 0
k 12 28.6326 0 0
k 13 37.1089 0 0
k 14 46.7866 0 0
k 15 43.1796 0 0
k 16 39.6828 0 0
k 17 36.579 0 0
k 18 34.0662 0 0
k 19 32.3736 0 0
k 20 31.7498 0 0
k 21 32.3751 0 0
k 22 34.0721 0 0
k 23 36.579 0 0
k 24 39.6903 0 0
k 25 43.1886 0 0
k 26 46.7866 0 0
k 27 45.3352 0 0
k 28 43.8093 0 0
k 29 42.3996 0 0
k 30 41.234 0 0
k 31 40.4405 0 0
k 32 40.1458 0 0
k 33 40.576 0 0
k 34 41.685 0 0
k 35 43.199 0 0
k 36 44.835 0 0
k 37 46.2046 0 0
k 38 46.7866 0 0
k 39 46.7003 0 0
k 40 46.4874 0 0
k 41 46.215 0 0
k 42 45.947 0 0
k 43 45.7431 0 0
k 44 45.6642 0 0
k 45 45.7654 0 0
k 46 45.9098 0 0
k 47 45.8562 0 0
k 48 45.3679 0 0
k 49 44.2574 0 0
k 50 42.4309 0 0
k 51 39.7781 0 0
k 52 36.5656 0 0
k 53 33.1968 0 0
k 54 29.9143 0 0
k 55 26.9281 0 0
k 56 24.4421 0 0
k 57 22.2716 0 0
k 58 20.1488 0 0
k 59 18.1138 0 0
k 60 16.1801 0 0
k 61 14.3773 0 0
k 62 12.7547 0 0
k 63 11.3375 0 0
k 64 10.1749 0 0
k 65 9.2802 0 0
k 66 8.0953 0 0
k 67 7.0041 0 0
k 68 6.0275 0 0
k 69 5.1343 0 0
k 70 4.2992 0 0
k 71 3.5311 0 0
k 72 2.8269 0 0
k 73 2.1913 0 0
k 74 1.6316 0 0
k 75 1.1477 0 0
k 76 0.7428 0 0
k 77 0.4228 0 0
k 78 0.1905 0 0
k 79 0.0476 0 0
k 80 0 0 0
k 81 0 0 0
k 82 0 0 0
k 83 0 0 0
k 84 0 0 0
k 85 0 0 0
k 86 0 0 0
k 87 0 0 0
k 88 0 0 0
k 89 0 0 0
k 90 0 0 0
k 91 0 0 0
k 92 0 0 0
k 93 0 0 0
k 94 0 0 0
k 95 0 0 0
k 96 0 0 0
k 97 0 0 0
k 98 0 0 0
trk front_piston_tip r
k 0 28.1574 -0.2293 -1.0197
k 1 53.9155 -0.2767 -2.7886
k 2 88.4342 -0.2939 -5.5455
k 3 72.5486 -0.2911 -4.2793
k 4 59.5724 -0.2836 -3.2321
k 5 47.924 -0.2719 -2.3333
k 6 38.1271 -0.2554 -1.6398
k 7 31.5256 -0.2396 -1.2181
k 8 29.1749 -0.2328 -1.0781
k 9 31.3232 -0.239 -1.2058
k 10 37.6926 -0.2548 -1.6109
k 11 47.2142 -0.2712 -2.2811
k 12 58.5981 -0.2836 -3.1545
k 13 71.1128 -0.2905 -4.1626
k 14 85.3521 -0.2939 -5.3059
k 15 79.9651 -0.2932 -4.8781
k 16 74.8561 -0.2918 -4.4661
k 17 70.3409 -0.2905 -4.1001
k 18 66.6731 -0.2891 -3.8028
k 19 64.1821 -0.287 -3.6016
k 20 63.2617 -0.287 -3.5274
k 21 64.1848 -0.287 -3.6016
k 22 66.6812 -0.2884 -3.8034
k 23 70.3409 -0.2905 -4.1001
k 24 74.8669 -0.2925 -4.4675
k 25 79.9759 -0.2932 -4.8795
k 26 85.3521 -0.2939 -5.3059
k 27 83.1606 -0.2939 -5.1328
k 28 80.8908 -0.2932 -4.9522
k 29 78.8181 -0.2932 -4.7861
k 30 77.1124 -0.2925 -4.6487
k 31 75.9573 -0.2925 -4.5553
k 32 75.5281 -0.2925 -4.521
k 33 76.1543 -0.2925 -4.5718
k 34 77.7736 -0.2932 -4.7023
k 35 79.9921 -0.2932 -4.8808
k 36 82.413 -0.2939 -5.0738
k 37 84.4695 -0.2939 -5.2365
k 38 85.3521 -0.2939 -5.3059
k 39 85.2198 -0.2939 -5.2956
k 40 84.896 -0.2939 -5.2702
k 41 84.483 -0.2939 -5.2372
k 42 84.0782 -0.2939 -5.2056
k 43 83.7732 -0.2939 -5.1816
k 44 83.6518 -0.2939 -5.172
k 45 83.8056 -0.2939 -5.1843
k 46 84.0215 -0.2939 -5.2015
k 47 83.9406 -0.2939 -5.1946
k 48 83.2092 -0.2939 -5.137
k 49 81.5547 -0.2939 -5.0051
k 50 78.864 -0.2932 -4.7902
k 51 74.9938 -0.2925 -4.4778
k 52 70.322 -0.2905 -4.0987
k 53 65.3966 -0.2877 -3.6998
k 54 60.5251 -0.285 -3.3077
k 55 56.0018 -0.2808 -2.9499
k 56 52.137 -0.2774 -2.6512
k 57 48.6689 -0.2733 -2.3889
k 58 45.1792 -0.2685 -2.1321
k 59 41.7193 -0.2623 -1.8856
k 60 38.3052 -0.2561 -1.6514
k 61 34.9964 -0.2486 -1.4344
k 62 31.89 -0.241 -1.2401
k 63 29.0642 -0.2328 -1.0719
k 64 26.6541 -0.2245 -0.9352
k 65 24.7379 -0.2177 -0.8309
k 66 22.1092 -0.2067 -0.6963
k 67 19.5804 -0.195 -0.5747
k 68 17.2216 -0.182 -0.4697
k 69 14.9815 -0.1682 -0.3777
k 70 12.8008 -0.1531 -0.2953
k 71 10.7173 -0.1366 -0.2245
k 72 8.739 -0.1188 -0.1641
k 73 6.8902 -0.0996 -0.1147
k 74 5.2088 -0.0803 -0.0762
k 75 3.7137 -0.0604 -0.0467
k 76 2.4317 -0.0419 -0.0261
k 77 1.398 -0.0247 -0.013
k 78 0.6315 -0.0117 -0.0048
k 79 0.1592 -0.0027 -0.0007
k 80 0 0 0
k 81 0 0 0
k 82 0 0 0
k 83 0 0 0
k 84 0 0 0
k 85 0 0 0
k 86 0 0 0
k 87 0 0 0
k 88 0 0 0
k 89 0 0 0
k 90 0 0 0
k 91 0 0 0
k 92 0 0 0
k 93 0 0 0
k 94 0 0 0
k 95 0 0 0
k 96 0 0 0
k 97 0 0 0
k 98 0 0 0
trk pendulum_02_export p
k 0 2.7345 11.8715 0
k 1 6.4182 21.5983 0
k 2 7.7112 37.6652 0
k 3 7.7229 29.161 0
k 4 6.9143 23.696 0
k 5 5.8205 19.4654 0
k 6 4.6173 16.0356 0
k 7 3.5157 13.477 0
k 8 2.9962 12.3949 0
k 9 3.4767 13.3871 0
k 10 4.5548 15.8794 0
k 11 5.7424 19.2193 0
k 12 6.8322 23.3249 0
k 13 7.6604 28.5048 0
k 14 7.844 35.8214 0
k 15 7.9065 32.8369 0
k 16 7.8088 30.2548 0
k 17 7.6252 28.1532 0
k 18 7.4182 26.5555 0
k 19 7.258 25.5203 0
k 20 7.1916 25.1492 0
k 21 7.258 25.5242 0
k 22 7.4182 26.5594 0
k 23 7.6252 28.1532 0
k 24 7.8088 30.2587 0
k 25 7.9065 32.8408 0
k 26 7.844 35.8214 0
k 27 7.8948 34.5714 0
k 28 7.9104 33.3291 0
k 29 7.8948 32.2354 0
k 30 7.8674 31.3642 0
k 31 7.8401 30.79 0
k 32 7.8284 30.5791 0
k 33 7.844 30.8877 0
k 34 7.8791 31.7002 0
k 35 7.9065 32.8487 0
k 36 7.9026 34.1573 0
k 37 7.8674 35.3136 0
k 38 7.844 35.8214 0
k 39 7.8479 35.7472 0
k 40 7.8557 35.5597 0
k 41 7.8674 35.3214 0
k 42 7.8752 35.0909 0
k 43 7.8831 34.919 0
k 44 7.8831 34.8487 0
k 45 7.8831 34.9347 0
k 46 7.8791 35.0597 0
k 47 7.8791 35.0128 0
k 48 7.8909 34.6026 0
k 49 7.9065 33.6885 0
k 50 7.8987 32.2588 0
k 51 7.8127 30.3212 0
k 52 7.6213 28.1454 0
k 53 7.3401 26.0203 0
k 54 6.9885 24.0671 0
k 55 6.6096 22.3522 0
k 56 6.2502 20.9499 0
k 57 5.8986 19.7272 0
k 58 5.5158 18.5123 0
k 59 5.0978 17.3091 0
k 60 4.6408 16.1021 0
k 61 4.1408 14.8755 0
k 62 3.59 13.6332 0
k 63 2.9688 12.3402 0
k 64 2.2696 10.9886 0
k 65 1.504 9.5823 0
k 66 1.1328 8.3948 0
k 67 0.836 7.2854 0
k 68 0.6055 6.2853 0
k 69 0.4297 5.3634 0
k 70 0.2891 4.4962 0
k 71 0.1875 3.6954 0
k 72 0.1094 2.961 0
k 73 0.0586 2.2969 0
k 74 0.0273 1.711 0
k 75 0.0078 1.2032 0
k 76 0 0.7774 0
k 77 0 0.4414 0
k 78 0 0.1992 0
k 79 0 0.0469 0
k 80 0 0 0
k 81 0 0 0
k 82 0 0 0
k 83 0 0 0
k 84 0 0 0
k 85 0 0 0
k 86 0 0 0
k 87 0 0 0
k 88 0 0 0
k 89 0 0 0
k 90 0 0 0
k 91 0 0 0
k 92 0 0 0
k 93 0 0 0
k 94 0 0 0
k 95 0 0 0
k 96 0 0 0
k 97 0 0 0
k 98 0 0 0
trk pendulum_02_export r
k 0 0 -22.7699 0
k 1 0 -53.8166 0
k 2 0 -106.1496 0
k 3 0 -81.0472 0
k 4 0 -61.7435 0
k 5 0 -45.7861 0
k 6 0 -33.6674 0
k 7 0 -26.2847 0
k 8 0 -23.8098 0
k 9 0 -26.0644 0
k 10 0 -33.162 0
k 11 0 -44.8628 0
k 12 0 -60.3538 0
k 13 0 -78.8477 0
k 14 0 -101.1835 0
k 15 0 -92.6055 0
k 16 0 -84.6074 0
k 17 0 -77.6718 0
k 18 0 -72.1388 0
k 19 0 -68.4459 0
k 20 0 -67.0886 0
k 21 0 -68.4491 0
k 22 0 -72.1518 0
k 23 0 -77.6718 0
k 24 0 -84.6236 0
k 25 0 -92.6282 0
k 26 0 -101.1835 0
k 27 0 -97.6785 0
k 28 0 -94.073 0
k 29 0 -90.7979 0
k 30 0 -88.1254 0
k 31 0 -86.3178 0
k 32 0 -85.6537 0
k 33 0 -86.6255 0
k 34 0 -89.1588 0
k 35 0 -92.6509 0
k 36 0 -96.4896 0
k 37 0 -99.7711 0
k 38 0 -101.1835 0
k 39 0 -100.973 0
k 40 0 -100.4547 0
k 41 0 -99.7938 0
k 42 0 -99.1459 0
k 43 0 -98.6568 0
k 44 0 -98.4657 0
k 45 0 -98.7086 0
k 46 0 -99.0552 0
k 47 0 -98.9257 0
k 48 0 -97.7595 0
k 49 0 -95.1258 0
k 50 0 -90.8692 0
k 51 0 -84.8212 0
k 52 0 -77.6426 0
k 53 0 -70.2405 0
k 54 0 -63.1138 0
k 55 0 -56.6932 0
k 56 0 -51.3806 0
k 57 0 -46.7579 0
k 58 0 -42.2583 0
k 59 0 -37.9564 0
k 60 0 -33.8779 0
k 61 0 -30.0846 0
k 62 0 -26.6702 0
k 63 0 -23.6997 0
k 64 0 -21.2604 0
k 65 0 -19.3847 0
k 66 0 -16.9066 0
k 67 0 -14.6228 0
k 68 0 -12.5819 0
k 69 0 -10.716 0
k 70 0 -8.97 0
k 71 0 -7.3665 0
k 72 0 -5.8958 0
k 73 0 -4.5708 0
k 74 0 -3.4014 0
k 75 0 -2.3907 0
k 76 0 -1.5484 0
k 77 0 -0.8811 0
k 78 0 -0.3952 0
k 79 0 -0.0972 0
k 80 0 0 0
k 81 0 0 0
k 82 0 0 0
k 83 0 0 0
k 84 0 0 0
k 85 0 0 0
k 86 0 0 0
k 87 0 0 0
k 88 0 0 0
k 89 0 0 0
k 90 0 0 0
k 91 0 0 0
k 92 0 0 0
k 93 0 0 0
k 94 0 0 0
k 95 0 0 0
k 96 0 0 0
k 97 0 0 0
k 98 0 0 0
trk pendulum_lock_rotate r
k 0 0 -8.8397 0
k 1 0 -18.2995 0
k 2 0 -27.4163 0
k 3 0 -35.3603 0
k 4 0 -41.2193 0
k 5 0 -45.2309 0
k 6 0 -48.3517 0
k 7 0 -50.6792 0
k 8 0 -52.3056 0
k 9 0 -53.3431 0
k 10 0 -53.8907 0
k 11 0 -54.0507 0
k 12 0 -54.0507 0
k 13 0 -54.0507 0
k 14 0 -54.0507 0
k 15 0 -54.0507 0
k 16 0 -54.0507 0
k 17 0 -54.0507 0
k 18 0 -54.0507 0
k 19 0 -54.0507 0
k 20 0 -54.0507 0
k 21 0 -54.0507 0
k 22 0 -54.0507 0
k 23 0 -54.0507 0
k 24 0 -54.0507 0
k 25 0 -54.0507 0
k 26 0 -54.0507 0
k 27 0 -54.0507 0
k 28 0 -54.0507 0
k 29 0 -54.0507 0
k 30 0 -54.0507 0
k 31 0 -54.0507 0
k 32 0 -54.0507 0
k 33 0 -54.0507 0
k 34 0 -54.0507 0
k 35 0 -54.0507 0
k 36 0 -54.0507 0
k 37 0 -54.0507 0
k 38 0 -54.0507 0
k 39 0 -54.0507 0
k 40 0 -54.0507 0
k 41 0 -54.0507 0
k 42 0 -54.0507 0
k 43 0 -54.0507 0
k 44 0 -54.0507 0
k 45 0 -54.0507 0
k 46 0 -54.0507 0
k 47 0 -54.0507 0
k 48 0 -54.0507 0
k 49 0 -54.0507 0
k 50 0 -54.0507 0
k 51 0 -54.0507 0
k 52 0 -54.0507 0
k 53 0 -54.0507 0
k 54 0 -54.0507 0
k 55 0 -54.0507 0
k 56 0 -54.0507 0
k 57 0 -54.0507 0
k 58 0 -54.0507 0
k 59 0 -54.0507 0
k 60 0 -54.0507 0
k 61 0 -54.0507 0
k 62 0 -54.0507 0
k 63 0 -54.0507 0
k 64 0 -54.0507 0
k 65 0 -54.0507 0
k 66 0 -54.0507 0
k 67 0 -54.0507 0
k 68 0 -54.0507 0
k 69 0 -54.0507 0
k 70 0 -54.0458 0
k 71 0 -52.0054 0
k 72 0 -46.6313 0
k 73 0 -39.0453 0
k 74 0 -30.4481 0
k 75 0 -21.9169 0
k 76 0 -14.5997 0
k 77 0 -9.6727 0
k 78 0 -6.6706 0
k 79 0 -4.3596 0
k 80 0 -2.6606 0
k 81 0 -1.4681 0
k 82 0 -0.6944 0
k 83 0 -0.254 0
k 84 0 -0.0528 0
k 85 0 0.0016 0
k 86 0 0 0
k 87 0 0 0
k 88 0 0 0
k 89 0 0 0
k 90 0 0 0
k 91 0 0 0
k 92 0 0 0
k 93 0 0 0
k 94 0 0 0
k 95 0 0 0
k 96 0 0 0
k 97 0 0 0
k 98 0 0 0
trk clip r
k 0 0 -18.5448 0
k 1 0 -18.5448 0
k 2 0 -18.5448 0
k 3 0 -18.5448 0
k 4 0 -18.5448 0
k 5 0 -18.5448 0
k 6 0 -18.5448 0
k 7 0 -18.5448 0
k 8 0 -18.5448 0
k 9 0 -18.5448 0
k 10 0 -18.5448 0
k 11 0 -18.5448 0
k 12 0 -18.5448 0
k 13 0 -18.5448 0
k 14 0 -18.5448 0
k 15 0 -18.5448 0
k 16 0 -18.5448 0
k 17 0 -18.5448 0
k 18 0 -18.5448 0
k 19 0 -18.5448 0
k 20 0 -18.5448 0
k 21 0 -18.5448 0
k 22 0 -18.5448 0
k 23 0 -18.5448 0
k 24 0 -18.5448 0
k 25 0 -18.5448 0
k 26 0 -18.5448 0
k 27 0 -18.5448 0
k 28 0 -18.5448 0
k 29 0 -18.5448 0
k 30 0 -18.5448 0
k 31 0 -18.5448 0
k 32 0 -18.5448 0
k 33 0 -18.5448 0
k 34 0 -18.5448 0
k 35 0 -18.5448 0
k 36 0 -18.5448 0
k 37 0 -18.5448 0
k 38 0 -18.5448 0
k 39 0 -18.5448 0
k 40 0 -18.5448 0
k 41 0 -18.5448 0
k 42 0 -18.5448 0
k 43 0 -18.5448 0
k 44 0 -18.5448 0
k 45 0 -18.5448 0
k 46 0 -18.5448 0
k 47 0 -18.5448 0
k 48 0 -18.5448 0
k 49 0 -18.5448 0
k 50 0 -18.5448 0
k 51 0 -18.5448 0
k 52 0 -18.5448 0
k 53 0 -18.5448 0
k 54 0 -18.5448 0
k 55 0 -18.5448 0
k 56 0 -18.5448 0
k 57 0 -18.5448 0
k 58 0 -18.5448 0
k 59 0 -18.5448 0
k 60 0 -18.5448 0
k 61 0 -18.5448 0
k 62 0 -18.5448 0
k 63 0 -18.5448 0
k 64 0 -18.5448 0
k 65 0 -18.5448 0
k 66 0 -18.5448 0
k 67 0 -18.5448 0
k 68 0 -18.5448 0
k 69 0 -18.5448 0
k 70 0 -18.5448 0
k 71 0 -18.5448 0
k 72 0 -18.5448 0
k 73 0 -18.5448 0
k 74 0 -18.5448 0
k 75 0 -18.5448 0
k 76 0 -18.5448 0
k 77 0 -18.5448 0
k 78 0 -18.5448 0
k 79 0 -18.5448 0
k 80 0 -18.5448 0
k 81 0 -18.5448 0
k 82 0 -18.5345 0
k 83 0 -14.2442 0
k 84 0 -8.5366 0
k 85 0 -4.9049 0
k 86 0 -3.6153 0
k 87 0 -2.5716 0
k 88 0 -1.7496 0
k 89 0 -1.1261 0
k 90 0 -0.6709 0
k 91 0 -0.3578 0
k 92 0 -0.1614 0
k 93 0 -0.0536 0
k 94 0 -0.0089 0
k 95 0 0 0
k 96 0 0 0
k 97 0 0 0
k 98 0 0 0
trk backpiston_base r
k 0 0 11.8745 2.3367
k 1 0.0041 28.2347 6.0468
k 2 0 57.3712 13.1098
k 3 0 42.9509 9.6305
k 4 0 32.4649 7.0651
k 5 0 23.9731 5.0394
k 6 0 17.5859 3.5796
k 7 0 13.7129 2.7295
k 8 0 12.419 2.4521
k 9 0 13.5991 2.7048
k 10 0 17.3215 3.5205
k 11 0 23.4846 4.9255
k 12 0 31.719 6.8845
k 13 0.0007 41.741 9.3339
k 14 0 54.3982 12.4081
k 15 0 49.4274 11.2126
k 16 0 44.9241 10.1146
k 17 0 41.0932 9.1746
k 18 0 38.0729 8.4336
k 19 0 36.0717 7.9434
k 20 0 35.3381 7.7648
k 21 0 36.0734 7.944
k 22 0 38.0799 8.4357
k 23 0 41.0932 9.1746
k 24 0 44.9329 10.1167
k 25 0 49.4379 11.2153
k 26 0 54.3982 12.4081
k 27 0 52.3444 11.9164
k 28 0 50.2661 11.4158
k 29 0 48.3996 10.9633
k 30 0 46.8904 10.5953
k 31 0 45.8784 10.3481
k 32 0 45.5072 10.2574
k 33 0 46.0517 10.3906
k 34 0 47.4734 10.7374
k 35 0 49.4537 11.2188
k 36 0 51.6563 11.7509
k 37 0 53.5648 12.2089
k 38 0 54.3982 12.4081
k 39 0 54.2739 12.3785
k 40 0 53.9657 12.3051
k 41 0 53.5788 12.2124
k 42 0 53.1988 12.1217
k 43 0 52.9152 12.0537
k 44 0 52.8031 12.027
k 45 0 52.9449 12.0606
k 46 0 53.1463 12.1094
k 47 0 53.071 12.0915
k 48 0 52.3899 11.9281
k 49 0 50.8684 11.5614
k 50 0 48.4399 10.9729
k 51 0 45.0432 10.1434
k 52 0 41.0775 9.1711
k 53 0 37.0434 8.1816
k 54 0 33.2002 7.2436
k 55 0 29.765 6.4135
k 56 0 26.9391 5.7378
k 57 0 24.4878 5.1603
k 58 0 22.1084 4.6068
k 59 0 19.8428 4.087
k 60 0 17.6962 3.6036
k 61 0 15.7072 3.1628
k 62 0 13.9178 2.7734
k 63 0 12.3612 2.4397
k 64 0 11.0866 2.1706
k 65 0 10.1061 1.9659
k 66 0 8.8104 1.6995
k 67 0 7.6198 1.4578
k 68 0 6.5536 1.2442
k 69 0 5.5801 1.0527
k 70 0 4.6714 0.8748
k 71 0 3.8362 0.7141
k 72 0 3.0693 0.5679
k 73 0 2.3794 0.4381
k 74 0 1.7701 0.3241
k 75 0 1.2449 0.2273
k 76 0 0.8054 0.1463
k 77 0 0.4587 0.0831
k 78 0 0.2066 0.0371
k 79 0 0.0508 0.0089
k 80 0 0 0
k 81 0 0 0
k 82 0 0 0
k 83 0 0 0
k 84 0 0 0
k 85 0 0 0
k 86 0 0 0
k 87 0 0 0
k 88 0 0 0
k 89 0 0 0
k 90 0 0 0
k 91 0 0 0
k 92 0 0 0
k 93 0 0 0
k 94 0 0 0
k 95 0 0 0
k 96 0 0 0
k 97 0 0 0
k 98 0 0 0
trk front_piston_base r
k 0 0.0419 -5.3869 0
k 1 0.0673 -0.0982 0
k 2 0.0831 17.7146 0
k 3 0.0783 8.4975 0
k 4 0.0714 2.1726 0
k 5 0.0625 -2.1383 0
k 6 0.0536 -4.4592 0
k 7 0.046 -5.2434 0
k 8 0.0433 -5.3622 0
k 9 0.0453 -5.2571 0
k 10 0.0529 -4.5293 0
k 11 0.0618 -2.3498 0
k 12 0.0707 1.7544 0
k 13 0.0776 7.7353 0
k 14 0.0824 15.8332 0
k 15 0.081 12.6422 0
k 16 0.079 9.752 0
k 17 0.0769 7.3295 0
k 18 0.0755 5.4659 0
k 19 0.0742 4.2608 0
k 20 0.0735 3.8275 0
k 21 0.0742 4.2621 0
k 22 0.0755 5.47 0
k 23 0.0769 7.3295 0
k 24 0.079 9.7575 0
k 25 0.081 12.6498 0
k 26 0.0824 15.8332 0
k 27 0.0817 14.5189 0
k 28 0.081 13.1819 0
k 29 0.0803 11.981 0
k 30 0.0797 11.0107 0
k 31 0.0797 10.3618 0
k 32 0.079 10.1235 0
k 33 0.0797 10.4724 0
k 34 0.0803 11.3849 0
k 35 0.081 12.6587 0
k 36 0.0817 14.0767 0
k 37 0.0824 15.3017 0
k 38 0.0824 15.8332 0
k 39 0.0824 15.7542 0
k 40 0.0824 15.5578 0
k 41 0.0824 15.3099 0
k 42 0.0817 15.0675 0
k 43 0.0817 14.8849 0
k 44 0.0817 14.8128 0
k 45 0.0817 14.9034 0
k 46 0.0817 15.0339 0
k 47 0.0817 14.9851 0
k 48 0.0817 14.5484 0
k 49 0.081 13.5706 0
k 50 0.0803 12.007 0
k 51 0.079 9.8276 0
k 52 0.0769 7.3206 0
k 53 0.0748 4.8424 0
k 54 0.0721 2.5867 0
k 55 0.0687 0.6915 0
k 56 0.0659 -0.7553 0
k 57 0.0632 -1.9096 0
k 58 0.0604 -2.9197 0
k 59 0.057 -3.7622 0
k 60 0.0536 -4.429 0
k 61 0.0501 -4.9124 0
k 62 0.046 -5.2173 0
k 63 0.0426 -5.3656 0
k 64 0.0398 -5.3938 0
k 65 0.0371 -5.3519 0
k 66 0.0336 -5.2015 0
k 67 0.0302 -4.957 0
k 68 0.0268 -4.6412 0
k 69 0.0233 -4.2656 0
k 70 0.0199 -3.8295 0
k 71 0.0165 -3.3516 0
k 72 0.0137 -2.8421 0
k 73 0.0103 -2.3189 0
k 74 0.0082 -1.8059 0
k 75 0.0055 -1.3205 0
k 76 0.0034 -0.8824 0
k 77 0.0021 -0.5157 0
k 78 0.0007 -0.2362 0
k 79 0 -0.0597 0
k 80 0 0 0
k 81 0 0 0
k 82 0 0 0
k 83 0 0 0
k 84 0 0 0
k 85 0 0 0
k 86 0 0 0
k 87 0 0 0
k 88 0 0 0
k 89 0 0 0
k 90 0 0 0
k 91 0 0 0
k 92 0 0 0
k 93 0 0 0
k 94 0 0 0
k 95 0 0 0
k 96 0 0 0
k 97 0 0 0
k 98 0 0 0
trk pendulum_02_aim r
k 0 0 36.05 0
k 1 0 79.7827 0
k 2 0 151.8318 0
k 3 0 116.3656 0
k 4 0 90.3336 0
k 5 0 69.0557 0
k 6 0 52.5135 0
k 7 0 41.7355 0
k 8 0 37.8062 0
k 9 0 41.4019 0
k 10 0 51.8045 0
k 11 0 67.8185 0
k 12 0 88.4801 0
k 13 0 113.363 0
k 14 0 144.6171 0
k 15 0 132.4027 0
k 16 0 121.2587 0
k 17 0 111.7551 0
k 18 0 104.2624 0
k 19 0 99.2951 0
k 20 0 97.4787 0
k 21 0 99.2997 0
k 22 0 104.2809 0
k 23 0 111.7551 0
k 24 0 121.2819 0
k 25 0 132.4305 0
k 26 0 144.6171 0
k 27 0 139.5896 0
k 28 0 134.474 0
k 29 0 129.8635 0
k 30 0 126.1287 0
k 31 0 123.6266 0
k 32 0 122.6998 0
k 33 0 124.0529 0
k 34 0 127.5698 0
k 35 0 132.4676 0
k 36 0 137.8983 0
k 37 0 142.5829 0
k 38 0 144.6171 0
k 39 0 144.3159 0
k 40 0 143.5653 0
k 41 0 142.6154 0
k 42 0 141.6886 0
k 43 0 140.9889 0
k 44 0 140.7156 0
k 45 0 141.0631 0
k 46 0 141.5589 0
k 47 0 141.3735 0
k 48 0 139.7008 0
k 49 0 135.9568 0
k 50 0 129.9654 0
k 51 0 121.5507 0
k 52 0 111.718 0
k 53 0 101.7046 0
k 54 0 92.1592 0
k 55 0 83.6055 0
k 56 0 76.5345 0
k 57 0 70.3578 0
k 58 0 64.3062 0
k 59 0 58.4585 0
k 60 0 52.8054 0
k 61 0 47.4025 0
k 62 0 42.3333 0
k 63 0 37.6208 0
k 64 0 33.3254 0
k 65 0 29.5073 0
k 66 0 25.5594 0
k 67 0 21.9544 0
k 68 0 18.7618 0
k 69 0 15.8796 0
k 70 0 13.2153 0
k 71 0 10.7872 0
k 72 0 8.5862 0
k 73 0 6.6215 0
k 74 0 4.9071 0
k 75 0 3.4336 0
k 76 0 2.2149 0
k 77 0 1.2604 0
k 78 0 0.5653 0
k 79 0 0.139 0
k 80 0 0 0
k 81 0 0 0
k 82 0 0 0
k 83 0 0 0
k 84 0 0 0
k 85 0 0 0
k 86 0 0 0
k 87 0 0 0
k 88 0 0 0
k 89 0 0 0
k 90 0 0 0
k 91 0 0 0
k 92 0 0 0
k 93 0 0 0
k 94 0 0 0
k 95 0 0 0
k 96 0 0 0
k 97 0 0 0
k 98 0 0 0
trk pendulum_01_aim r
k 0 2.508 -179.9945 180
k 1 15.1926 -179.9945 180
k 2 34.9099 -179.9945 -180
k 3 24.5447 -179.9945 -180
k 4 17.8188 -179.9945 -180
k 5 12.4982 -179.9945 -180
k 6 8.0736 -179.9945 -180
k 7 4.6824 -179.9945 180
k 8 3.2228 -179.9945 -180
k 9 4.5642 -179.9945 180
k 10 7.8669 -179.9945 180
k 11 12.1818 -179.9945 -180
k 12 17.3543 -179.9945 -180
k 13 23.7414 -179.9945 -180
k 14 32.6619 -179.9945 -180
k 15 29.0236 -179.9945 -180
k 16 25.8786 -179.9945 -180
k 17 23.3131 -179.9945 -180
k 18 21.3527 -179.9945 -180
k 19 20.0785 -179.9945 -180
k 20 19.6161 -179.9945 -180
k 21 20.0796 -179.9945 180
k 22 21.3581 -179.9945 -180
k 23 23.3131 -179.9945 -180
k 24 25.8849 -179.9945 -180
k 25 29.0321 -179.9945 -180
k 26 32.6619 -179.9945 -180
k 27 31.1384 -179.9945 -180
k 28 29.6256 -179.9945 -180
k 29 28.2938 -179.9945 180
k 30 27.2348 -179.9945 180
k 31 26.5338 -179.9945 -180
k 32 26.2781 -179.9945 -180
k 33 26.652 -179.9945 -180
k 34 27.6407 -179.9945 -180
k 35 29.0417 -179.9945 -180
k 36 30.6334 -179.9945 -180
k 37 32.0408 -179.9945 -180
k 38 32.6619 -179.9945 -180
k 39 32.5682 -179.9945 -180
k 40 32.3391 -179.9945 -180
k 41 32.0504 -179.9945 180
k 42 31.7691 -179.9945 -180
k 43 31.5593 -179.9945 180
k 44 31.4762 -179.9945 -180
k 45 31.5806 -179.9945 -180
k 46 31.7308 -179.9945 -180
k 47 31.6743 -179.9945 -180
k 48 31.1725 -179.9945 -180
k 49 30.0613 -179.9945 -180
k 50 28.3226 -179.9945 -180
k 51 25.9595 -179.9945 -180
k 52 23.3035 -179.9945 -180
k 53 20.6954 -179.9945 -180
k 54 18.2759 -179.9945 -180
k 55 16.1408 -179.9945 -180
k 56 14.3786 -179.9945 180
k 57 12.8285 -179.9945 -180
k 58 11.2783 -179.9945 180
k 59 9.7292 -179.9945 180
k 60 8.1578 -179.9945 180
k 61 6.5479 -179.9945 179.9945
k 62 4.8902 -179.9945 180
k 63 3.1483 -179.9945 180
k 64 1.2934 -180 180
k 65 -0.651 -179.9945 180
k 66 -2.1201 -179.9945 180
k 67 -3.4402 -179.9945 180
k 68 -4.5887 -179.9945 179.9945
k 69 -5.1651 0 0
k 70 -4.2424 0 0
k 71 -3.4189 0 0
k 72 -2.6891 0 0
k 73 -2.0498 0 0
k 74 -1.5033 0 0
k 75 -1.043 0 0
k 76 -0.6669 0 0
k 77 -0.3772 0 0
k 78 -0.1683 0 0
k 79 -0.0416 0 0
k 80 0 0 0
k 81 0 0 0
k 82 0 0 0
k 83 0 0 0
k 84 0 0 0
k 85 0 0 0
k 86 0 0 0
k 87 0 0 0
k 88 0 0 0
k 89 0 0 0
k 90 0 0 0
k 91 0 0 0
k 92 0 0 0
k 93 0 0 0
k 94 0 0 0
k 95 0 0 0
k 96 0 0 0
k 97 0 0 0
k 98 0 0 0
anim fast 24 15 0
trk faith_plate_paddle r
k 0 0 0 0
k 1 0 0 23.8889
k 2 0 0 47.6643
k 3 0 0 71.4986
k 4 0 0 55.8447
k 5 0 0 39.4489
k 6 0 0 24.6548
k 7 0 0 13.9454
k 8 0 0 7.6109
k 9 0 0 3.788
k 10 0 0 1.8482
k 11 0 0 1.1543
k 12 0 0 1.067
k 13 0 0 1.067
k 14 0 0 1.067
trk backpiston_tip r
k 0 0 0 0
k 1 -0.5002 0 0
k 2 2.888 0 0
k 3 16.5463 0 0
k 4 5.6062 0 0
k 5 0.9438 0 0
k 6 -0.5404 0 0
k 7 2.0484 0 0
k 8 7.7811 0 0
k 9 13.6836 0 0
k 10 17.2936 0 0
k 11 18.6542 0 0
k 12 18.8314 0 0
k 13 18.8314 0 0
k 14 18.8314 0 0
trk front_piston_tip r
k 0 0 0 0
k 1 -1.7003 0.0357 0.0069
k 2 8.9117 -0.1209 -0.1696
k 3 38.9637 -0.2575 -1.6961
k 4 16.1717 -0.1758 -0.4257
k 5 3.0713 -0.0515 -0.0364
k 6 -1.8379 0.0385 0.0076
k 7 6.4611 -0.0948 -0.1051
k 8 21.3913 -0.2033 -0.6606
k 9 33.6847 -0.2458 -1.3514
k 10 40.2862 -0.2602 -1.7867
k 11 42.6504 -0.2644 -1.9508
k 12 42.9527 -0.2644 -1.9728
k 13 42.9527 -0.2644 -1.9728
k 14 42.9527 -0.2644 -1.9728
trk pendulum_02_export p
k 0 0 0 0
k 1 2.7423 11.8949 0
k 2 6.4143 21.5593 0
k 3 7.7112 37.6652 0
k 4 7.2151 25.2742 0
k 5 5.4377 18.2818 0
k 6 2.9298 12.2582 0
k 7 -0.8789 5.9416 0
k 8 -5.9728 -0.0508 0
k 9 -11.0355 -4.4142 0
k 10 -14.1762 -6.5627 0
k 11 -15.3638 -7.2815 0
k 12 -15.52 -7.3713 0
k 13 -15.52 -7.3713 0
k 14 -15.52 -7.3713 0
trk pendulum_02_export r
k 0 0 0 0
k 1 0 -22.8444 0
k 2 0 -53.6903 0
k 3 0 -106.1496 0
k 4 0 -67.5453 0
k 5 0 -41.4161 0
k 6 0 -23.528 0
k 7 0 -18.2185 0
k 8 0 -23.8616 0
k 9 0 -32.4137 0
k 10 0 -38.073 0
k 11 0 -40.2564 0
k 12 0 -40.5414 0
k 13 0 -40.5414 0
k 14 0 -40.5414 0
trk pendulum_lock_rotate r
k 0 0 0 0
k 1 0 -8.8628 0
k 2 0 -18.2781 0
k 3 0 -27.4163 0
k 4 0 -35.3735 0
k 5 0 -41.2094 0
k 6 0 -45.2309 0
k 7 0 -48.3567 0
k 8 0 -50.6759 0
k 9 0 -52.3056 0
k 10 0 -53.3448 0
k 11 0 -53.8907 0
k 12 0 -54.0507 0
k 13 0 -54.0507 0
k 14 0 -54.0507 0
trk clip r
k 0 0 0 0
k 1 0 -18.5448 0
k 2 0 -18.5448 0
k 3 0 -18.5448 0
k 4 0 -18.5448 0
k 5 0 -18.5448 0
k 6 0 -18.5448 0
k 7 0 -18.5448 0
k 8 0 -18.5448 0
k 9 0 -18.5448 0
k 10 0 -18.5448 0
k 11 0 -18.5448 0
k 12 0 -18.5448 0
k 13 0 -18.5448 0
k 14 0 -18.5448 0
trk backpiston_base r
k 0 0 0 0
k 1 0 -0.5428 -0.0975
k 2 0 3.1358 0.5809
k 3 0 18.1024 3.695
k 4 0 6.0931 1.1536
k 5 0 1.0225 0.1861
k 6 0 -0.5865 -0.1051
k 7 0 2.2254 0.4093
k 8 0 8.4673 1.6295
k 9 0 14.9403 2.9952
k 10 0 18.9305 3.881
k 11 0 20.4451 4.2251
k 12 0 20.6429 4.2697
k 13 0 20.6429 4.2697
k 14 0 20.6429 4.2697
trk front_piston_base r
k 0 0 0 0
k 1 -0.0021 0.6578 0
k 2 0.0137 -2.8888 0
k 3 0.0542 -4.3136 0
k 4 0.0247 -4.4716 0
k 5 0.0048 -1.1035 0
k 6 -0.0027 0.71 0
k 7 0.0096 -2.187 0
k 8 0.0323 -5.1418 0
k 9 0.0481 -5.0594 0
k 10 0.0556 -4.0623 0
k 11 0.0577 -3.5501 0
k 12 0.0584 -3.4787 0
k 13 0.0584 -3.4787 0
k 14 0.0584 -3.4787 0
trk pendulum_02_aim r
k 0 0 0 0
k 1 0 36.1566 0
k 2 0 79.6066 0
k 3 0 151.8318 0
k 4 0 98.0903 0
k 5 0 63.1709 0
k 6 0 37.3336 0
k 7 0 23.0387 0
k 8 0 19.0954 0
k 9 0 19.5032 0
k 10 0 20.5318 0
k 11 0 21.023 0
k 12 0 21.0879 0
k 13 0 21.0879 0
k 14 0 21.0879 0
trk pendulum_01_aim r
k 0 0 0 0
k 1 2.5378 -179.9945 180
k 2 15.1457 -179.9945 180
k 3 34.9099 -179.9945 -180
k 4 19.7717 -179.9945 -180
k 5 10.9821 -179.9945 180
k 6 3.0343 -179.9945 180
k 7 -4.8199 0 0
k 8 4.7655 0 0
k 9 12.9084 0 0
k 10 17.5375 0 0
k 11 19.2315 0 0
k 12 19.4499 0 0
k 13 19.4499 0 0
k 14 19.4499 0 0
